d:0.05263157894736842 r:0.05263157894736842 y:0.05263157894736842 u:0.05263157894736842 w:0.10526315789473684 t:0.05263157894736842 l:0.15789473684210525 h:0.10526315789473684 a:0.05263157894736842 o:0.21052631578947367 e:0.10526315789473684
lo:0.07142857142857142 tl:0.07142857142857142 ow:0.07142857142857142 ot:0.07142857142857142 ar:0.07142857142857142 wo:0.07142857142857142 ou:0.07142857142857142 ll:0.07142857142857142 el:0.07142857142857142 yo:0.07142857142857142 re:0.07142857142857142 he:0.07142857142857142 ho:0.07142857142857142 ld:0.07142857142857142
hel:0.1111111111111111 tld:0.1111111111111111 how:0.1111111111111111 are:0.1111111111111111 wot:0.1111111111111111 ell:0.1111111111111111 you:0.1111111111111111 llo:0.1111111111111111 otl:0.1111111111111111
